84
23741 23737 23751 23752 23753 23754 23768 
4893
57134 57127 57118 57112 57110 57109 57116 57102 57089 57066 57063 57030 57028 56998 56988 56983 56980 56893 56829 56821 56795 56777 56769 56759 56743 56744 56746 56715 56683 56642 56631 56594 56585 56556 56553 56389 56147 56092 56089 56046 56000 55985 55939 55926 55916 55704 55596 55488 55437 55419 55271 55098 55096 55092 55088 55066 54998 54963 54933 54932 54903 54902 54901 54914 54896 54843 54810 54745 54638 54632 54625 54614 54602 54584 54577 81825 81807 81694 81546 81447 81432 81416 81401 81386 81352 81266 81091 81048 81021 84562 84565 84569 84572 84573 84570 84568 84571 84566 84560 84558 84547 84545 84540 84541 84524 84518 84510 84508 84499 84498 84480 84440 84435 84423 84408 84402 84403 84404 84345 84336 84289 84281 84236 84246 84237 84238 84240 84244 84250 84257 60771 60770 60751 60750 60749 29317 29319 29312 29304 29303 29268 29249 29248 29247 60724 60725 60726 60727 60730 60720 60714 60709 60708 60699 60702 60701 60690 60687 60682 60680 60679 60646 60644 60576 60560 60518 60517 60521 60535 60534 60532 60530 60527 60528 60526 60522 60516 60513 60485 60468 60445 60443 60456 60437 60424 60414 60413 60412 60408 25412 25409 25410 25403 25405 25397 25393 25383 25374 25373 25332 25294 25290 25283 25271 25224 25194 25193 25185 25151 25150 25149 25148 25140 25133 25110 25100 25096 25092 25072 25065 25048 25026 25018 25003 24979 24956 24950 24932 24911 24901 24842 24805 24782 24740 24707 24699 24676 24653 24634 24617 24591 24574 24526 24434 24424 24401 24380 24351 24345 24301 24295 24263 24251 24213 24208 24193 24170 24160 24082 21963 21958 21933 21912 21873 21855 21817 21798 21772 21745 21715 21678 21663 21637 21626 21625 21613 21608 21610 21595 21580 21571 21530 21532 21512 21475 21463 21455 21438 21422 21411 21356 21350 21282 21244 21228 21218 21214 21199 21183 86909 86854 86839 86827 86825 86789 86787 86765 86751 86748 86732 86671 86656 86648 86644 86641 86642 86637 86624 86610 86562 86537 86532 86534 86525 86518 86517 86418 86406 86373 86363 86358 86329 86306 86222 86209 86207 86199 86176 86168 86144 86118 86082 86039 86004 85911 85901 85878 85855 85842 85831 85811 85795 85703 85687 85651 85627 85614 85572 85565 85560 85557 85544 85510 85467 85455 85454 85367 85349 85307 85183 85169 85147 85074 85073 85060 85058 85054 85051 85047 85048 85044 85043 85025 85029 85022 85018 85019 85007 84986 84962 84961 84960 84959 84940 84936 84932 84914 84907 84905 84906 84908 84909 39724 39725 39690 39664 39654 39657 39661 39659 39660 39658 39668 39666 39663 39656 39665 39630 39636 39629 39628 39626 39627 39612 39601 39560 39533 39519 39513 39510 39502 39492 39470 39468 39467 39461 39428 39410 39350 39343 39333 39331 39328 39317 39285 39242 39237 39216 39201 39196 39195 39190 39148 39141 39134 39119 39102 39096 39088 39081 39074 39065 39064 39026 39019 39008 38997 38985 38925 38902 38903 38905 38907 38908 38906 57713 57698 57702 57701 57685 57676 57675 57674 57669 57655 57632 57605 57604 57603 57573 57540 57542 57512 57507 57506 57508 57499 57490 57487 57477 57466 57463 57462 57451 57354 57349 57341 57337 57333 57297 57294 57279 57260 57222 57221 57198 57183 57182 57184 
5
73514 73540 73550 73548 73547 73520 73532 73535 73538 
1053
57615 57635 57631 57657 57656 57655 57654 57653 57708 57707 57706 57705 57704 57703 57699 57700 57697 57722 57716 57714 57616 57613 57617 57612 57620 57621 57623 57629 57643 57660 57665 57670 57671 57668 57645 57644 57693 57723 57690 57730 57728 57767 57770 57771 57778 57777 57784 57800 57799 57781 57765 57758 57748 57732 57744 57731 57743 57725 57677 57666 57642 57641 57640 57646 57648 
166
9351 9381 9365 9306 9337 9305 9342 9367 9401 9414 9371 9386 9396 9387 9378 9313 9357 9308 9376 9326 9294 9299 9320 9330 9328 9325 9293 9271 9257 9282 9311 9448 9534 9583 9593 9555 9514 9419 9417 9406 9403 9364 9363 9362 9360 9359 9372 9413 9428 9470 9469 9497 9544 9562 9586 9597 9560 9480 9450 
346
39214 39227 39237 39242 39285 39306 39307 39318 39320 39312 39309 39290 39288 39282 39272 39273 39292 39291 39294 39274 39276 39296 39298 39287 39278 39241 39234 39223 39224 
115
85619 85618 85617 85616 85615 85612 85604 85599 85596 85583 85582 85623 85628 85653 
107
78963 78989 78997 78999 79005 79011 79012 79022 79029 79047 
35
86199 86208 86212 86204 86206 
41
78679 78685 78690 78703 78708 78709 78719 78715 
214
86624 86610 86562 86537 86532 86534 86540 86546 86563 86569 86584 86612 86643 86651 86617 86604 86607 86606 86602 86598 86592 86600 86661 86614 86615 86645 86663 86667 86665 
499
14356 14443 14436 14437 14453 14463 14455 14452 14464 14465 14519 14545 14551 14623 14668 14682 14694 14777 14781 14796 14800 14801 14802 14789 14804 14787 14785 14770 14767 14761 14739 14732 14722 14651 14589 14496 14489 14461 14421 
193
18805 18804 18817 18815 18793 18787 18785 18791 18875 18898 18963 18955 18974 18981 18978 18840 
162
51999 51993 51996 52095 52079 52233 52237 52255 52132 52129 52149 52146 52305 52243 52240 52303 52297 52247 52245 52072 52070 52026 52025 52021 
493
50818 50785 50784 50788 50800 50804 50799 50789 50852 50901 50909 50916 50919 50914 50915 50957 50979 50982 51001 51040 51053 51056 51030 51057 51061 51074 51060 50971 50933 50899 50873 50866 50853 50845 50842 50829 50711 50707 50729 50735 50753 50760 50759 50592 50588 50613 50682 50726 50730 50712 50547 50560 50572 50590 50661 50689 50687 50691 50602 50538 50539 50481 50485 50479 50484 50807 50843 50841 
246
19141 19101 19106 19144 19150 19152 19155 19148 19180 19161 19154 19151 19147 19143 19145 19158 19157 19174 19173 19170 19156 19172 19184 19182 19114 19103 19131 19133 19137 19199 19213 
8
33509 33535 33536 33540 33541 33542 33559 33558 33544 33546 
14
15025 15031 15042 15044 15047 
437
84754 84753 84755 84758 84759 84764 84783 84803 84840 84848 84849 84846 84819 84818 84820 84821 84817 84845 84830 84829 84826 84813 84812 84814 84850 
819
73732 73782 73778 73776 73775 73764 73760 73771 73777 73770 73793 73818 73817 73811 73812 73821 73819 73820 73666 73650 73651 73639 73644 73615 73426 73404 73417 73419 73424 73433 73434 73843 73676 73767 73663 73660 73665 73637 73618 73613 73784 73814 73836 73869 73590 73657 73673 73669 73723 73774 73878 73879 73882 73839 73835 73822 73735 73672 73886 73847 73828 73751 73761 73772 
856
50912 50877 50874 50878 50864 50850 50783 50766 50646 50638 50615 50596 50553 50504 50469 50433 50336 50322 50320 50314 50324 50340 50319 50179 50203 50181 50173 50174 50105 50110 50115 50089 50088 50096 50092 50100 50154 50169 50240 50261 50265 50315 50333 50394 50412 50448 50459 50461 50432 50467 50466 50424 50425 50565 50551 50543 50533 50527 50537 50534 50531 50529 50528 50517 50490 50484 50479 50485 50481 50539 50538 50602 50691 50687 50689 50661 50590 50572 50560 50547 50712 50730 50726 50682 50613 50588 50592 50759 50760 50753 50735 50729 50707 50711 50829 50842 50845 50853 50866 50873 50899 50933 50971 51060 51074 51061 51057 51030 51056 51053 51040 51001 50982 50979 50966 50981 50996 50968 50956 
43
1931 1940 1955 1957 1967 1969 1966 
58
17049 17060 17059 17065 17071 17070 17072 17079 17084 17087 17106 17121 17120 17118 17119 17140 
367
37047 37048 37031 37030 37025 37026 37028 37027 37029 37034 37056 37053 37052 36988 36975 36976 36967 36945 36947 36949 36951 36948 36953 36962 36963 36964 36960 36956 36952 36944 36972 36974 36978 36981 36998 37035 37041 37058 37069 37081 37087 37093 
803
26436 26405 26406 26410 26411 26412 26413 26416 26447 26446 26442 26444 26465 26550 26543 26547 26548 26556 26545 26546 26551 26565 26574 26591 26602 26598 26597 26585 26582 26594 26595 26586 26596 26579 26578 26581 26580 26583 26584 26588 26589 26590 26592 26593 26609 26616 26623 26620 26624 26622 26621 26627 26625 26618 26615 26611 26563 26542 26544 26541 26517 26515 26499 26497 
183
38346 38357 38345 38320 38321 38319 38300 38347 38366 38395 38364 38365 38370 38403 
90
13404 13403 13365 13352 13343 13303 13288 13289 13293 13261 13263 13274 13321 13328 13330 13340 13371 13376 13462 13463 13451 13447 
16
80013 80037 80047 
451
36541 36546 36547 36570 36571 36613 36604 36606 36605 36595 36540 36524 36525 36526 36527 36519 36520 36586 36591 36584 36583 36563 36564 36565 36566 36561 36562 36559 36558 36567 36568 36569 36581 36598 
57
34611 34613 34618 34619 34631 34649 34655 34728 34711 34702 34687 34668 34663 
223
79750 79753 79748 79746 79747 79766 79787 79806 79859 79861 79892 79898 79920 79897 79894 79891 79884 79872 79864 79856 79852 79844 79839 79838 79835 79815 79798 79793 79804 79813 79801 79803 79795 79794 
7
46671 46674 46684 46690 46696 46720 
5
78216 78218 78227 
9
36537 36545 36554 36557 
174
65681 65677 65603 65551 65543 65369 65414 65452 65465 65590 65597 65589 65586 65580 65519 65524 65459 65458 65499 65593 65595 65632 65693 65697 
6
84516 84520 
2
60551 60554 
64
52006 52052 52057 52058 52061 52098 52086 52084 52090 52088 52082 
13
9488 9489 9490 9491 9519 9520 9521 9518 9572 9574 
51
10432 10454 10453 10457 10459 10462 10463 10464 10465 10477 10476 10473 10466 10478 10469 10484 10529 10528 10526 10522 10520 10519 10518 
182
42108 42112 42122 42131 42139 42140 42143 42151 42165 42166 42194 
1101
27625 27624 27639 27656 27659 27658 27657 27655 27654 27653 27646 27647 27665 27664 27662 27672 27698 27694 27684 27682 27683 27688 27693 27676 27671 27651 27648 27641 27644 27643 27642 27661 27660 27663 27678 27685 27692 27701 27702 27700 27687 27686 27681 27680 27677 27679 27691 27711 
357
1065 1064 1048 1058 1066 1022 1017 1013 1014 1010 1007 1008 1006 1027 1054 1063 1070 1073 1077 1075 1074 1076 1036 1059 1078 1072 1071 1087 1091 1113 1114 1115 
72
18455 18444 18467 18464 18431 18414 18443 18447 18450 18463 18460 
355
63101 63118 63122 63129 63132 63133 63121 63119 63138 63140 63150 63152 63211 63222 63187 63188 63172 63169 63168 
480
55968 55974 55963 55909 55842 55767 55728 55714 55700 55670 55615 55559 55532 55588 55569 55571 55573 55580 55601 55633 55634 55612 55595 55596 55578 55581 55674 55681 55694 55708 55712 55716 55717 55707 55549 55526 55443 55469 55507 55527 55623 55626 55722 55735 55754 55788 55864 55868 55876 55867 55882 55848 55823 55834 55852 55851 55850 55849 55884 55904 55954 55975 
307
32476 32459 32442 32406 32407 32415 32420 32443 32456 32445 32444 32436 32437 32438 32441 32447 32448 32466 32468 32493 32523 32536 32541 32542 32547 32540 32498 
124
73231 73240 73246 73317 73405 73413 73364 73343 73342 73344 73369 73366 73327 73287 73290 73293 73294 73288 73331 73326 73325 73298 73275 73253 73250 73234 73205 73224 73225 73236 
9
27916 27923 27941 27962 27988 27986 28014 
109
47069 47088 47121 47123 47140 47142 47143 47144 47150 47149 47147 47153 47163 47161 47160 47155 47157 47162 47152 47135 47134 47137 47124 47130 47126 47118 47110 
30
66193 66227 66224 66143 66142 66141 66217 
778
71023 71019 71005 71004 70997 70976 70953 70942 70968 70982 70996 70986 70979 70991 70974 70958 70957 70947 70941 70949 70967 70956 70943 70881 70893 70865 70887 70850 70914 70906 70844 70876 70771 70759 70780 70852 70904 70980 71001 71015 71017 71018 71011 71014 71031 71051 71050 70900 70882 70869 70738 70741 70744 70746 70793 70794 70807 70834 70848 70856 70861 70870 70872 70987 70981 70977 70998 71027 71030 71056 71060 71059 71058 71087 
52
65321 65332 65346 65390 65434 65370 
66
38415 38453 38455 38457 38458 38475 
433
64092 64106 64154 64161 64163 64177 64203 64189 64225 64229 64257 64242 64243 64245 64244 64256 64268 64291 64351 64349 64379 64438 64479 64368 64502 64315 64285 64283 64289 64270 64269 64265 64264 64180 64179 64156 64141 64140 64112 
244
7500 7498 7496 7493 7494 7487 7485 7468 7469 7507 7506 7512 7518 7520 7519 7517 
817
49970 50149 50180 50194 50196 50210 50334 50318 50286 50329 50344 50376 50395 50397 50398 50413 50381 50326 50325 50338 50289 50268 50223 50203 50181 50173 50174 50105 50110 50115 50089 50088 50096 50092 50100 50154 50169 50240 50261 50265 50315 50333 50394 50412 50448 50450 50444 50416 50415 50370 50311 50007 49962 49866 49749 49724 49732 49787 49842 49849 49833 49827 49838 49841 49789 49754 49742 49705 49703 49663 49700 49688 49718 49734 49745 49765 49779 49798 49801 49820 49853 50178 50213 50206 50233 50204 50192 50188 50123 50114 50120 50132 50137 50276 50353 50372 50368 50308 50288 50306 50287 50274 50271 50250 50153 50141 50071 50066 50062 
271
5554 5566 5574 5563 5551 5526 5458 5451 5643 5631 5632 5639 5655 5634 5637 5638 5642 5645 5649 5651 5658 5667 5730 5731 5732 5733 5684 5670 5606 5604 5621 
369
4122 4149 4166 4173 4201 4192 4224 4218 4207 4217 4219 4220 4221 4229 4230 4231 4237 4225 4223 4215 
680
57734 57733 57703 57699 57700 57697 57722 57716 57714 57616 57613 57617 57619 57622 57626 57625 57621 57623 57629 57643 57660 57665 57637 57647 57645 57644 57693 57723 57690 57730 57728 57767 57770 57771 57778 57764 57763 57762 57761 57746 
813
28939 28986 28989 28992 28967 28966 28965 28970 29032 29033 29039 29037 28977 28973 28976 28975 28981 28979 29000 29015 28971 28969 28968 28990 28988 28996 28995 28991 28985 28984 28983 28982 28980 28978 28987 29011 29014 29012 29005 29006 29007 28959 28945 
151
31216 31229 31228 31238 31246 31256 31260 31267 31273 31274 31275 31277 31288 31298 31302 
72
73493 73463 73429 73390 73446 73483 73551 73524 73481 73443 73444 73410 73400 73389 73425 73452 73474 73472 73479 73498 73491 73505 73502 73511 73499 73495 73515 
27
61129 61139 61142 61144 61146 61145 61148 
370
26400 26418 26414 26415 26417 26435 26434 26441 26439 26440 26437 26443 26444 26442 26446 26447 26416 26413 26412 26411 26410 
505
49298 49293 49279 49270 49284 49330 49332 49412 49414 49404 49465 49432 49424 49470 49469 49489 49487 49484 49485 49488 49491 49494 49551 49628 49659 49706 49731 49771 49896 50233 50204 50192 50188 50123 50114 50120 50132 50137 50276 50353 50372 50368 50308 50288 50306 50287 50274 50271 50250 50256 50230 50225 50177 50081 50090 50006 50033 49951 49918 49902 49864 49817 49811 49509 49391 49389 
74
5619 5664 5698 5697 5715 5713 5720 5724 5727 5728 5725 5744 5761 5772 5762 5767 5753 5736 5711 5708 5703 5693 5675 5659 5656 5657 5646 
407
63110 63112 63114 63143 63136 63137 63128 63131 63132 63133 63121 63119 63138 63140 63150 63152 63211 63222 63187 63188 63172 63162 63147 
120
87360 87361 87365 87375 87378 87385 87386 87387 87383 
483
10726 10712 10538 10543 10596 10589 10565 10562 10561 10590 10592 10595 10682 10879 10748 10637 10661 10672 10659 10648 10629 10636 10638 10658 10662 10769 10767 10666 10843 10837 10835 10815 
278
2485 2486 2501 2548 2582 2618 2617 2620 2621 2616 2613 2609 2606 2599 2595 2593 2588 2573 2571 2567 2554 2549 2541 2527 2522 2506 
20
43424 43425 43427 43428 43429 43430 
154
40092 40091 40122 40118 40132 40133 40169 40183 40200 40195 40190 
7677
79290 79286 79284 79280 79275 79273 79270 79271 79269 79267 79268 79288 79285 1705 1719 1721 1724 1733 1734 1731 1729 1718 1722 1720 1715 1723 1726 47800 47799 47797 47798 47807 47808 47810 47809 47817 47820 47819 47818 47815 47816 47813 47805 47781 47769 47777 12794 12784 12780 12769 12751 12733 12724 12723 12722 12721 12719 12718 12717 12716 12713 12710 12709 12725 12699 12703 12697 12695 12675 12671 12663 12655 12654 12652 12641 12646 12645 12644 12643 12642 12647 12649 12648 12634 12624 12621 12611 12623 12620 12619 12618 12617 12628 12631 12633 28544 28546 28563 28562 28531 28530 28540 28537 28536 28538 28539 28476 28475 28474 28440 28415 28411 28410 28412 28414 28413 28401 28386 28376 28374 28378 28377 28375 28367 28291 28286 28215 28206 28198 28197 28168 28170 28171 28172 28173 28157 28127 28125 28095 28097 28086 28082 28080 28078 28022 28018 28007 27973 27961 27942 27898 27894 27887 27889 27890 27903 27914 27909 27910 27936 27966 27964 27963 27962 27960 27959 27940 27945 27946 27948 27972 27955 27977 28020 28035 28028 28021 27872 27871 27860 27848 27833 27834 27832 27803 27800 27794 42427 42423 42410 42411 42417 42419 42425 42422 42406 42399 42379 42367 42363 42358 42353 42339 42338 42337 42331 42328 42327 42332 42366 42361 42362 42364 42365 42360 42368 42330 42322 42305 42304 42309 42303 42308 42307 42302 42301 42300 42290 42291 42289 42288 42273 42270 42264 42262 42254 42253 42255 23198 23183 23201 23195 23225 23216 23214 23220 23218 23206 23190 23189 23186 23184 23187 23185 23188 23178 23180 23179 23163 23161 23153 23152 23112 23115 23111 23113 23094 23093 23092 23068 23023 22990 22974 22906 22903 22902 22900 22898 22899 22889 22857 22848 22844 22837 22813 22810 22812 22805 22814 22816 22803 22802 22801 22824 22826 22825 22834 24786 24777 24779 24781 24785 24784 24760 24758 24755 24750 24730 24717 24720 24719 24713 24704 24706 24699 24656 24643 24633 24626 24619 24622 24625 24599 24595 24586 24584 24581 24575 24579 24578 24572 24569 24563 24553 24548 24549 24547 24546 24544 24543 24501 24500 24499 24494 24476 24475 24467 24466 24464 24469 24465 24463 24468 24474 24477 24459 24457 24428 58671 58644 58640 58607 58605 58594 58586 58582 58577 58535 58461 58458 58434 58424 58419 58422 58510 58547 58540 58529 58537 58556 58553 58546 58522 58519 58520 58528 58524 58386 58380 58379 58376 58362 58421 58473 58499 58470 58395 58388 58369 58354 58335 58330 58252 58259 58295 58305 58306 58297 58302 58300 58293 58250 58238 58232 58204 58180 58146 58143 58142 58135 58119 58107 58084 58048 58044 58041 58037 58029 58032 58031 58030 58028 58026 58025 58023 58021 58018 58016 58015 63648 63630 63622 63618 63612 63610 63607 63604 63601 63600 63593 63591 63590 63586 63584 63583 63579 63576 63573 63572 63570 63568 63566 63565 51986 51967 51959 51908 51775 51727 51684 51562 51546 51521 51514 51512 51479 51211 51094 51044 51037 51020 51045 51031 51023 51026 51027 51032 51033 51028 51029 51022 51019 51050 51073 51113 51115 51099 51085 51079 51009 51010 50993 50983 50978 50960 50959 50950 50890 50797 50628 50634 50605 50629 50662 50669 50725 50740 50742 50739 50715 50697 50664 50584 50585 50429 50428 50412 50448 50450 50444 50416 50415 50370 50311 50007 49962 49866 49749 49724 49732 49787 49842 49849 49833 49827 49838 49841 49789 49754 49742 49705 49684 49553 49522 49519 49518 49516 49515 49511 49497 49493 49487 49484 49485 49486 49472 49408 49390 49338 49334 49308 49258 49236 49223 49219 49155 49193 49154 49138 49135 49137 49136 49124 49109 49095 49036 49022 79516 79512 79508 79510 79507 79502 79477 79480 79485 79458 79467 79470 79471 79472 79474 79466 79465 79444 79439 79433 79417 79428 79407 79401 79382 79376 79371 79365 79364 
5
34251 34252 34254 34260 
8128
45963 45961 45959 45956 45952 45943 1728 1725 1709 79290 79286 79284 79280 79275 79273 79270 79271 79269 79267 79268 79288 79285 1705 1719 1721 1724 1733 1734 1731 1729 1718 1722 1720 1715 1723 1726 47800 47799 47797 47798 47807 47808 47810 47809 47817 47820 47819 47818 47815 47816 47813 47805 47781 47769 47777 12794 12784 12780 12769 12751 12733 12724 12723 12722 12721 12719 12718 12717 12716 12713 12710 12709 12725 12699 12703 12697 12695 12675 12671 12663 12655 12654 12652 12641 12646 12645 12644 12643 12642 12647 12649 12648 12634 12624 12621 12611 12623 12620 12619 12618 12617 12628 12631 12633 28544 28546 28563 28562 28531 28530 28529 28538 28539 28476 28475 28474 28440 28415 28411 28410 28412 28414 28413 28401 28386 28376 28374 28378 28377 28375 28367 28291 28286 28215 28206 28198 28197 28168 28170 28171 28172 28173 28157 28127 28125 28095 28097 28086 28082 28080 28078 28022 28018 28007 27973 27961 27942 27898 27894 27887 27889 27890 27903 27914 27909 27910 27936 27966 27964 27963 27962 27960 27959 27940 27945 27946 27948 27972 27955 27977 28020 28035 28028 28021 27872 27871 27860 27848 27833 27834 27832 27803 27800 27794 42427 42423 42410 42411 42417 42419 42425 42422 42406 42399 42379 42367 42363 42358 42353 42339 42338 42337 42331 42328 42327 42332 42366 42361 42362 42364 42365 42360 42368 42330 42322 42305 42304 42309 42303 42308 42307 42302 42301 42300 42290 42291 42289 42288 42273 42270 42264 42262 42254 42253 42255 23198 23183 23201 23195 23225 23216 23214 23220 23218 23206 23190 23189 23186 23184 23187 23185 23188 23178 23180 23179 23163 23161 23153 23152 23112 23115 23111 23113 23094 23093 23092 23068 23023 22990 22974 22906 22903 22902 22900 22898 22899 22889 22857 22848 22844 22837 22813 22810 22812 22805 22814 22816 22803 22802 22801 22824 22826 22825 22834 24786 24777 24779 24781 24785 24784 24760 24758 24755 24750 24730 24717 24720 24719 24713 24704 24706 24699 24656 24643 24633 24626 24619 24622 24625 24599 24595 24586 24584 24581 24575 24579 24578 24572 24569 24563 24553 24548 24549 24547 24546 24544 24543 24501 24500 24499 24494 24476 24475 24471 24470 24469 24465 24463 24468 24474 24477 24459 24457 24428 58671 58644 58640 58607 58605 58594 58586 58582 58577 58535 58461 58458 58434 58424 58419 58422 58510 58547 58540 58529 58537 58556 58553 58546 58522 58519 58520 58528 58524 58386 58380 58379 58376 58362 58421 58473 58499 58470 58395 58388 58369 58354 58335 58330 58252 58259 58295 58305 58306 58297 58302 58300 58293 58250 58238 58232 58204 58180 58146 58143 58142 58135 58119 58107 58084 58048 58044 58041 58037 58029 58032 58031 58030 58028 58026 58025 58023 58021 58018 58016 58015 63648 63630 63622 63618 63612 63610 63607 63604 63601 63600 63593 63591 63590 63586 63584 63583 63579 63576 63573 63572 63570 63568 63566 63565 51986 51967 51959 51908 51775 51727 51684 51562 51546 51521 51514 51512 51479 51211 51094 51044 51037 51020 51045 51031 51023 51026 51027 51032 51033 51028 51029 51022 51019 51050 51073 51113 51115 51099 51085 51079 51009 51010 50993 50983 50978 50960 50959 50950 50890 50797 50628 50634 50605 50629 50662 50669 50725 50740 50742 50739 50715 50697 50664 50584 50585 50429 50428 50412 50448 50450 50444 50416 50415 50370 50311 50007 49962 49866 49749 49724 49732 49787 49842 49849 49833 49827 49838 49841 49789 49754 49742 49705 49684 49553 49522 49519 49518 49516 49515 49511 49497 49493 49487 49484 49485 49486 49472 49408 49390 49338 49334 49308 49258 49236 49223 49219 49155 49193 49154 49138 49135 49137 49136 49124 49109 49095 49036 49022 79516 79512 79508 79510 79507 79502 79477 79480 79485 79458 79467 79470 79471 79472 79474 79466 79465 79444 79439 79433 79425 79436 79438 79437 79424 79415 79420 46026 46025 46027 46032 46030 46029 46028 
11
14801 14800 14803 14805 14810 14813 14822 14826 14827 14848 
126
62236 62206 62207 62214 62215 62269 62282 62291 
267
16970 17010 17033 17073 17114 17109 17110 17111 17113 17094 17089 17090 17081 17077 17071 17070 17069 17068 17066 17058 17044 17028 17023 17011 17008 17007 
31
83569 83583 83587 83606 83603 83605 83608 
499
81847 81888 81853 81905 81866 81811 81724 81725 81732 81692 81694 81713 81786 81823 81856 81889 81886 81896 81746 81742 81740 81754 81755 81758 81771 81779 81829 81871 81885 81882 81910 81906 81893 81879 81875 81870 81868 81877 
278
71700 71684 71677 71689 71798 71789 71685 71676 71679 71683 71669 71678 71645 71594 71593 71573 71582 71668 71715 71844 71787 71792 71854 71871 71883 71865 71860 71864 71884 71888 71893 71870 71805 71796 
319
26765 26775 26789 26794 26837 26834 26832 26838 26833 26803 26802 26801 26804 26798 26816 26817 26824 26855 26854 26845 26842 
151
1042 1073 1070 1063 1054 1027 1006 1008 1028 1133 
48
38219 38241 38233 38251 38255 38254 38253 38252 38250 38282 38281 38284 
242
77066 76997 76939 76937 76949 76956 76957 76968 76963 76985 76987 77018 77142 77139 77151 77137 77140 77134 
375
52178 52215 52195 52124 52154 52156 52201 52188 52234 52225 52120 52139 52127 52134 52142 52143 52148 52166 52186 52182 52183 52179 52194 52312 52323 52308 52298 52294 52291 52288 52276 52319 52395 52405 52407 52409 52408 52411 52406 52383 52293 52292 52280 52262 52251 52283 52295 52279 52333 52282 52250 52229 52222 52214 52208 52199 52218 52220 52219 52159 52184 
33
189 210 211 222 234 
761
66320 66175 66136 66144 66213 66209 66208 66207 66205 66199 66179 66181 66190 66235 66221 66200 66191 66249 66258 66227 66224 66143 66142 66141 66204 66253 66376 66386 66505 66523 66573 66591 66622 66679 66821 66905 66682 66681 66930 66891 66883 66865 66800 66816 66846 66832 66639 66584 66555 66544 66531 66479 66439 66430 66422 66417 66400 66399 66277 66397 66435 66448 66494 66502 66549 66500 66498 66468 66389 66371 66373 66424 66414 66340 66343 66329 66358 66363 
9
9949 9995 10027 10030 
36
44118 44117 44116 44115 44114 44113 44122 44124 
133
67299 67319 67323 67318 67317 67312 67138 67116 67092 67024 67102 67084 67071 67131 67193 67325 67308 
23
29956 29932 29933 29955 29975 
864
64391 64528 64592 64598 64599 64600 64597 64603 64611 64647 64688 64695 64697 64712 64707 64684 64690 64724 64741 64553 64545 64514 64517 64556 64565 64587 64593 64490 64441 64397 64393 64372 64371 64349 64379 64438 64479 64368 64502 64513 64370 64359 64331 64340 64345 64336 64339 64341 64378 64396 64421 64404 64389 64365 64356 64360 64390 64367 64344 64334 64329 64328 64319 64312 64313 64318 64337 64419 64444 
96
81704 81695 81681 81677 81679 81680 81685 81686 81662 81668 81673 81687 81710 81718 81729 81753 81800 81761 
57
71966 71967 71969 71971 71972 71975 71997 
59
21355 21369 21354 21363 21434 
522
61182 61169 61168 61167 61162 61154 61147 61141 61140 61137 61139 61142 61144 61146 61145 61148 61152 61187 61189 61197 61198 61204 61195 61209 61210 61211 61213 61217 61219 61212 61216 61215 61225 61249 61248 61255 61252 61253 61264 61257 61268 61265 61267 61266 61273 
137
83836 83831 83826 83827 83829 83834 83849 83850 83840 83842 83841 83835 83838 
10
8931 8913 8983 8981 8975 
